level =        0 _________________________
1111111111111111111111111111111111
1111111111111111111111111111111111
1111111111111111111111111111111111
1111111111111111111111111111111111
1111111111111111111111111111111111
1111111111111111111111111111111111
1111111111111111111111111111111111
1111111111111111111111111111111111
1111111111111111111111111111111111
1111111111111111111111111111111111
1111111111111111111111111111111111
1111111111111111111111111111111111
1111111111111111111111111111111111
1111111111111111111111111111111111
1111111111111111111111111111111111
1111111111111111111111111111111111
1111111111111111111111111111111111
1111111111111111111111111111111111
level =        1 _________________________
1111111111111111111111111111111111
3000011111111111111111111111000003
3000011111111111111111111000000003
3000111111000001111111100000000003
1111111110000000111111100000000001
1111111100000000011111000000000111
1111111000000000001110000000000111
1111110000000000001100000000000111
1111100000000000001100000000000111
1111000000000000000111000000001111
1110000000000000000111000000001111
1100000000000000000111000000000111
1000000011100000000111000000000011
3000000111110000000110000000000003
3000000000000000000000000000000003
3000000000000011000000001110000003
1111111111111111111111111111111111
1111111111111111111111111111111111
level =        2 _________________________
1111111111111111111111111111111111
3000011111111111111111111111000003
3000011111111111111111111000000003
3000111111000001111111100000000003
1111111110000000111111100000000001
1111111100000000011111000000000111
1111111000000000001110000000000111
1111110000000000001100000000000111
1111100000000000001100000000000111
1111000000000000000111000000001111
1110000000000000000111000000001111
1100000000000000000111000000000111
1000000011100000000111000000000011
3000000111110000000110000000000003
3000000000000000000000000000000003
3000000000000011000000001110000003
1111111111111111111111111111111111
1111111111111111111111111111111111
level =        3 _________________________
1111111111111111111111111111111111
3000011111111111111111111111000003
3000011111111111111111111000000003
3000111111000001111111100000000003
1111111110000000111111100000000001
1111111100000000011111000000000111
1111111000000000001110000000000111
1111110000000000001100000000000111
1111100000000000001100000000000111
1111000000000000000111000000001111
1110000000000000000111000000001111
1100000000000000000111000000000111
1000000011100000000111000000000011
3000000111110000000110000000000003
3000000000000000000000000000000003
3000000000000011000000001110000003
1111111111111111111111111111111111
1111111111111111111111111111111111
level =        4 _________________________
1111111111111111111111111111111111
3000011111111111111111111111000003
3000011111111111111111111000000003
3000111111000001111111100000000003
1111111110000000111111100000000001
1111111100000000011111000000000111
1111111000000000001110000000000111
1111110000000000001100000000000111
1111100000000000001100000000000111
1111000000000000000111000000001111
1110000000000000000111000000001111
1100000000000000000111000000000111
1000000011100000000111000000000011
3000000111110000000110000000000003
3000000000000000000000000000000003
3000000000000011000000001110000003
1111111111111111111111111111111111
1111111111111111111111111111111111
level =        5 _________________________
1111111111111111111111111111111111
3000011111111111111111111111000003
3000011111111111111111111000000003
3000111111000001111111100000000003
1111111110000000111111100000000001
1111111100000000011111000000000111
1111111000000000001110000000000111
1111110000000000001100000000000111
1111100000000000001100000000000111
1111000000000000000111000000001111
1110000000000000000111000000001111
1100000000000000000111000000000111
1000000011100000000111000000000011
3000000111110000000110000000000003
3000000000000000000000000000000003
3000000000000011000000001110000003
1111111111111111111111111111111111
1111111111111111111111111111111111
level =        6 _________________________
1111111111111111111111111111111111
3000011111111111111111111111000003
3000011111111111111111111000000003
3000111111000001111111100000000003
1111111110000000111111100000000001
1111111100000000011111000000000111
1111111000000000001110000000000111
1111110000000000001100000000000111
1111100000000000001100000000000111
1111000000000000000111000000001111
1110000000000000000111000000001111
1100000000000000000111000000000111
1000000011100000000111000000000011
3000000111110000000110000000000003
3000000000000000000000000000000003
3000000000000011000000001110000003
1111111111111111111111111111111111
1111111111111111111111111111111111
level =        7 _________________________
1111111111111111111111111111111111
3000011111111111111111111111000003
3000011111111111111111111000000003
3000111111000001111111100000000003
1111111110000000111111100000000001
1111111100000000011111000000000111
1111111000000000001110000000000111
1111110000000000001100000000000111
1111100000000000001100000000000111
1111000000000000000111000000001111
1110000000000000000111000000001111
1100000000000000000111000000000111
1000000011100000000111000000000011
3000000111110000000110000000000003
3000000000000000000000000000000003
3000000000000011000000001110000003
1111111111111111111111111111111111
1111111111111111111111111111111111
level =        8 _________________________
1111111111111111111111111111111111
3000011111111111111111111111000003
3000011111111111111111111000000003
3000111111000001111111100000000003
1111111110000000111111100000000001
1111111100000000011111000000000111
1111111000000000001110000000000111
1111110000000000001100000000000111
1111100000000000001100000000000111
1111000000000000000111000000001111
1110000000000000000111000000001111
1100000000000000000111000000000111
1000000011100000000111000000000011
3000000111110000000110000000000003
3000000000000000000000000000000003
3000000000000011000000001110000003
1111111111111111111111111111111111
1111111111111111111111111111111111
level =        9 _________________________
1111111111111111111111111111111111
1111111111111111111111111111111111
1111111111111111111111111111111111
1111111111111111111111111111111111
1111111111111111111111111111111111
1111111111111111111111111111111111
1111111111111111111111111111111111
1111111111111111111111111111111111
1111111111111111111111111111111111
1111111111111111111111111111111111
1111111111111111111111111111111111
1111111111111111111111111111111111
1111111111111111111111111111111111
1111111111111111111111111111111111
1111111111111111111111111111111111
1111111111111111111111111111111111
1111111111111111111111111111111111
