 __________   7222.44802305548      ______________________
11111111111111111111111111111111111111111111111111
11111111111111111111111111111111111111111111111111
11111111111111111111111111111111111111111111111111
11111111111111111111111111111111111111111111111111
11111111111111111111111111111111111111111111111111
11111111111111111111111111111111111111111111111111
11111111111111111111111111111111111111111111111111
11111111111111111111111111111111111111111111111111
11111111111111111111111111111111111111111111111111
11111111111111111111111111111111111111111111111111
11111111111111111111111111111111111111111111111111
11111111111111111111111111111111111111111111111111
11111111111111111111111111111111111111111111111111
11111111111111111111111111111111111111111111111111
11111111111111111111111111111111111111111111111111
11111111111111111111111111111111111111111111111111
11111111111111111111111111111111111111111111111111
11111111111111111111111111111111111111111111111111
11111111111111111111111111111111111111111111111111
11111111111111111111111111111111111111111111111111
11111111111111111111111111111111111111111111111111
 __________  -22.8611392683420      ______________________
11111111111111111111111111111111111111111111111111
30000000000000111111111111111111111111111111111003
30000000000000111111111111111111111111111111110003
30011111111111111111111111111111111111110000000003
30011111111111111111000000000001111111110000000003
11111111111111111110000000000000011111110000000011
11111111111111111100000000000000011111100000000011
11111111111111111100000000000000011111000000000011
11111111100111110000000000000000000110000000000111
11111111000000110000000000000000000001110000000111
30111110000000100000000000000000000000111110000003
30011110000000000001000000000000000000111111000003
30011110000000000011100000000000000000011111000003
30011100000000001111110000000000000000001110000003
30001000000000000101110000000000000000001100000003
30000000000000000000000000000000000000011000000003
30000000000000000000000000000000000000001000000003
30000000000000000000000000000000000000000000000003
30000111111111111111110000000000000000000000000003
11111111111111111111111111111111111111111111111111
11111111111111111111111111111111111111111111111111
 __________  -22.8611392683420      ______________________
11111111111111111111111111111111111111111111111111
30000000000000111111111111111111111111111111111003
30000000000000111111111111111111111111111111110003
30011111111111111111111111111111111111110000000003
30011111111111111111000000000001111111110000000003
11111111111111111110000000000000011111110000000011
11111111111111111100000000000000011111100000000011
11111111111111111100000000000000011111000000000011
11111111100111110000000000000000000110000000000111
11111111000000110000000000000000000001110000000111
30111110000000100000000000000000000000111110000003
30011110000000000001000000000000000000111111000003
30011110000000000011100000000000000000011111000003
30011100000000001111110000000000000000001110000003
30001000000000000101110000000000000000001100000003
30000000000000000000000000000000000000011000000003
30000000000000000000000000000000000000001000000003
30000000000000000000000000000000000000000000000003
30000111111111111111110000000000000000000000000003
11111111111111111111111111111111111111111111111111
11111111111111111111111111111111111111111111111111
 __________  -22.8611392683420      ______________________
11111111111111111111111111111111111111111111111111
30000000000000111111111111111111111111111111111003
30000000000000111111111111111111111111111111110003
30011111111111111111111111111111111111110000000003
30011111111111111111000000000001111111110000000003
11111111111111111110000000000000011111110000000011
11111111111111111100000000000000011111100000000011
11111111111111111100000000000000011111000000000011
11111111100111110000000000000000000110000000000111
11111111000000110000000000000000000001110000000111
30111110000000100000000000000000000000111110000003
30011110000000000001000000000000000000111111000003
30011110000000000011100000000000000000011111000003
30011100000000001111110000000000000000001110000003
30001000000000000101110000000000000000001100000003
30000000000000000000000000000000000000011000000003
30000000000000000000000000000000000000001000000003
30000000000000000000000000000000000000000000000003
30000111111111111111110000000000000000000000000003
11111111111111111111111111111111111111111111111111
11111111111111111111111111111111111111111111111111
 __________  -22.8611392683420      ______________________
11111111111111111111111111111111111111111111111111
30000000000000111111111111111111111111111111111003
30000000000000111111111111111111111111111111110003
30011111111111111111111111111111111111110000000003
30011111111111111111000000000001111111110000000003
11111111111111111110000000000000011111110000000011
11111111111111111100000000000000011111100000000011
11111111111111111100000000000000011111000000000011
11111111100111110000000000000000000110000000000111
11111111000000110000000000000000000001110000000111
30111110000000100000000000000000000000111110000003
30011110000000000001000000000000000000111111000003
30011110000000000011100000000000000000011111000003
30011100000000001111110000000000000000001110000003
30001000000000000101110000000000000000001100000003
30000000000000000000000000000000000000011000000003
30000000000000000000000000000000000000001000000003
30000000000000000000000000000000000000000000000003
30000111111111111111110000000000000000000000000003
11111111111111111111111111111111111111111111111111
11111111111111111111111111111111111111111111111111
 __________  0.000000000000000E+000 ______________________
11111111111111111111111111111111111111111111111111
11111111111111111111111111111111111111111111111111
11111111111111111111111111111111111111111111111111
11111111111111111111111111111111111111111111111111
11111111111111111111111111111111111111111111111111
11111111111111111111111111111111111111111111111111
11111111111111111111111111111111111111111111111111
11111111111111111111111111111111111111111111111111
11111111111111111111111111111111111111111111111111
11111111111111111111111111111111111111111111111111
11111111111111111111111111111111111111111111111111
11111111111111111111111111111111111111111111111111
11111111111111111111111111111111111111111111111111
11111111111111111111111111111111111111111111111111
11111111111111111111111111111111111111111111111111
11111111111111111111111111111111111111111111111111
11111111111111111111111111111111111111111111111111
11111111111111111111111111111111111111111111111111
11111111111111111111111111111111111111111111111111
11111111111111111111111111111111111111111111111111
11111111111111111111111111111111111111111111111111