 __________   7222.44802305548      ______________________
11111111111111111111111111111111111111111111111111111111111111111111111111111111111111111111111111
11111111111111111111111111111111111111111111111111111111111111111111111111111111111111111111111111
11111111111111111111111111111111111111111111111111111111111111111111111111111111111111111111111111
11111111111111111111111111111111111111111111111111111111111111111111111111111111111111111111111111
11111111111111111111111111111111111111111111111111111111111111111111111111111111111111111111111111
11111111111111111111111111111111111111111111111111111111111111111111111111111111111111111111111111
11111111111111111111111111111111111111111111111111111111111111111111111111111111111111111111111111
11111111111111111111111111111111111111111111111111111111111111111111111111111111111111111111111111
11111111111111111111111111111111111111111111111111111111111111111111111111111111111111111111111111
11111111111111111111111111111111111111111111111111111111111111111111111111111111111111111111111111
11111111111111111111111111111111111111111111111111111111111111111111111111111111111111111111111111
11111111111111111111111111111111111111111111111111111111111111111111111111111111111111111111111111
11111111111111111111111111111111111111111111111111111111111111111111111111111111111111111111111111
11111111111111111111111111111111111111111111111111111111111111111111111111111111111111111111111111
11111111111111111111111111111111111111111111111111111111111111111111111111111111111111111111111111
11111111111111111111111111111111111111111111111111111111111111111111111111111111111111111111111111
11111111111111111111111111111111111111111111111111111111111111111111111111111111111111111111111111
11111111111111111111111111111111111111111111111111111111111111111111111111111111111111111111111111
11111111111111111111111111111111111111111111111111111111111111111111111111111111111111111111111111
11111111111111111111111111111111111111111111111111111111111111111111111111111111111111111111111111
11111111111111111111111111111111111111111111111111111111111111111111111111111111111111111111111111
11111111111111111111111111111111111111111111111111111111111111111111111111111111111111111111111111
11111111111111111111111111111111111111111111111111111111111111111111111111111111111111111111111111
11111111111111111111111111111111111111111111111111111111111111111111111111111111111111111111111111
11111111111111111111111111111111111111111111111111111111111111111111111111111111111111111111111111
11111111111111111111111111111111111111111111111111111111111111111111111111111111111111111111111111
11111111111111111111111111111111111111111111111111111111111111111111111111111111111111111111111111
11111111111111111111111111111111111111111111111111111111111111111111111111111111111111111111111111
11111111111111111111111111111111111111111111111111111111111111111111111111111111111111111111111111
11111111111111111111111111111111111111111111111111111111111111111111111111111111111111111111111111
11111111111111111111111111111111111111111111111111111111111111111111111111111111111111111111111111
11111111111111111111111111111111111111111111111111111111111111111111111111111111111111111111111111
11111111111111111111111111111111111111111111111111111111111111111111111111111111111111111111111111
11111111111111111111111111111111111111111111111111111111111111111111111111111111111111111111111111
11111111111111111111111111111111111111111111111111111111111111111111111111111111111111111111111111
11111111111111111111111111111111111111111111111111111111111111111111111111111111111111111111111111
11111111111111111111111111111111111111111111111111111111111111111111111111111111111111111111111111
11111111111111111111111111111111111111111111111111111111111111111111111111111111111111111111111111
11111111111111111111111111111111111111111111111111111111111111111111111111111111111111111111111111
11111111111111111111111111111111111111111111111111111111111111111111111111111111111111111111111111
 __________  -4522.11754594001      ______________________
11111111111111111111111111111111111111111111111111111111111111111111111111111111111111111111111111
11111111111111111111111111111111111111111111111111111111111111111111111111111111111111111111111111
11111111111111111111111111111111111111111111111111111111111111111111111111111111111111111111111111
11111111111111111111111111111111111111111111111111111111111111111111111111111111111111111111111111
11111111111111111111111111111111111111111111111111111111111111111111111111111111111111111111111111
11111111111111111111111111111111111111111111111111111111111111111111111111111111111111111111111111
11111111111111111111111111111111111111111111111111111111111111111111111111111111111111111111111111
11111111111111111111111111111111111111111111111111111111001111111111111111111111111111111111111111
11111111111111111111111111111111111111111111110011000000000111111111111111111111111111111111111111
11111111111111111111111111111111111111111100000000000000000001111111111111111111111110011111111111
11111111111111111111111111111111111111110000000000000000000000111111111111111111100000001111111111
11111111111111111111111111111111111111100000000000000000000000011111111111111110000000000111111111
11111111111111111111111111111111111111000000000000000000000000001111111111111100000000000001111111
11111111111111111111111111111111111100000000000000000000000000000111111111111100000000000000111111
11111111111111111111111111111111111000000000000000000000000000000111111111111100000000000000111111
11111111111111111111111111111111111000000000000000000000000000000111111111111110000000000001111111
11111111111111111111111111111111111000011000000000000000000000000111111111111111100110000011111111
11111111111111111111111111111111111100111111000000000000000000000011111111111111111111000111111111
11111111111111111111111111111111111111111111100000000000000000000011111111111111111111111111111111
11111111111111111111110000111111111111111111100000000000000000000011111111111111111111111111111111
30111111111111111111100000011111111111111111100000000000000000000011111111111111111111111001111003
30011111111111111111100000001111111111111111110000000000000000000111111111111111111111110000111003
30001111111111111111000000000011111111111111111111000000000000011111111111111111111111110000111003
30001111111111111111000000000001111111111111111111100000000000111111111111111111111111110000111003
30011111111111111111100000000001111111111111111111100000000000111111111111111111111111110000111003
30111111111111111111111111000011111111111111111111000000000000111111111111111111111111110000111103
11001111111111111001111111100111111111111111111111000000000000011111111111111111111111100001111111
10000111111111110000111111111111111111111111111111000000000000001111111111111111111110000011111111
10000111111111110000111111111110000001111100111111000000000000000111111111111111111100000011111111
10001111001111110000111111111100000000111000011111000000000000000111111111111111111100000001111111
11111110000111100001111111111100000000111000011110000000000000001111110001111111111110000000111111
11111100000111000011111111111100000001111100111100000000000000011111100000001111111111100000011111
11111000000011000011111111111100000011111111111100000001111111111111000000000111111111110000001111
11111000000011100111111111111110000111111111111110011111111111111110000000000111111111111000001111
11111100000111111111111111111111111111111111111111111111111111111110000000001111111111111000011111
11111111111111111111111111111111111111111111111111111111111111111111000011111111111111111100111111
11111111111111111111111111111111111111111111111111111111111111111111111111111111111111111111111111
11111111111111111111111111111111111111111111111111111111111111111111111111111111111111111111111111
11111111111111111111111111111111111111111111111111111111111111111111111111111111111111111111111111
11111111111111111111111111111111111111111111111111111111111111111111111111111111111111111111111111
 __________  -3598.90454441518      ______________________
11111111111111111111111111111111111111111111111111111111111111111111111111111111111111111111111111
11111111111111111111111111111111111111111111111111111111111111111111111111111111111111111111111111
11111111111111111111111111111111111111111111111111111111111111111111111111111111111111111111111111
11111111111111111111111111111111111111111111111111111111111111111111111111111111111111111111111111
11111111111111111111111111111111111111111111111111111111111111111111111111111111111111111111111111
11111111111111111111111111111111111111111111111111111111111111111111111111111111111111111111111111
11111111111111111111111111111111111111111111111111111111111111111111111111111111111111111111111111
11111111111111111111111111111111111111111111111000011111000011111111111111111111111111111111111111
11111111111111111111111111111111111111111111000000000000000001111111111111111111111111001100011111
11111111111111111111111111111111111111111100000000000000000000111111111111111111111100000000001111
11111111111111111111111111111111111111110000000000000000000000011111111111111111100000000000001111
11111111111111111111111111111111111111100000000000000000000000001111111111111100000000000000001111
11111111111111111111111111111111111111000000000000000000000000000111111111111000000000000000001111
11111111111111111111111111111111111100000000000000000000000000000111111111111000000000000000011111
11111111111111111111111111111111111000000000000000000000000000000001111111111100000000000000111111
11111111111111111111111111111111110000000000000000000000000000000000011111111110000000000000111111
11111111111111110001111111111111110000000000000000000000000000000000000111111111100000000000111111
11111111111111100000111001111111111000000000000000000000000000000000000001111111111000000000011111
11111111111111100000000000111111111000011100000000000000000000000000000000111111111100000000001111
30111111111111000000000000111111111100111110000000000000000000000000000000111111111110000000000003
30011111111110000000000000011111111111111111000000000000000000000000000000111111111111000000000003
30001111111110000000000000001111111111111111100000000000000000000000000000011111111111100000000003
30001111111111000000000000000001111111111111111110000000000000000000000000001111111111100000000003
30001111111111000000000000000000111111111111111111000000000000000000000000001111111111100000000003
30001111111111000000000000000000111111111111111111000000000000000000000000000111111111100000000003
30001111111111000000000000000001111111111111111111000000000000000000000000000011111111000000000003
30001111111110000000000000000001111111111111111111000000000000000000000000000011111110000000000003
30000111111100000000000000000000111111111100111111000000000000000000000000000011111100000000000003
30000000000000000000000000000000000000111000011111000000000000000000000000000111111000000000000003
30000000000000000000000000000000000000011000011111000000000000000000000000000111111000000000000003
30000000000000000000000000000000000000011000011110000000000000000000000000000111111100000000000003
30000000000000000000000000000000000000011000011100000000000000000000000000000111111111000000000003
30000000000000000000011000000000000000111100111100000000000000000000000000000111111111110000000003
30000000000000000000111100000000000001111111111110000000000000000000000000000111111111111000000003
11000000000000000001111111111111111111111111111111100000000000000000000000000111111111111000000001
11111111111111111111111111111111111111111111111111110000000000000000000000111111111111111100000111
11111111111111111111111111111111111111111111111111111000000011111111111111111111111111111111111111
11111111111111111111111111111111111111111111111111111111111111111111111111111111111111111111111111
11111111111111111111111111111111111111111111111111111111111111111111111111111111111111111111111111
11111111111111111111111111111111111111111111111111111111111111111111111111111111111111111111111111
 __________  -2764.94319245010      ______________________
11111111111111111111111111111111111111111111111111111111111111111111111111111111111111111111111111
11111111111111111111111111111111111111111111111111111111111111111111111111111111111111111111111111
11111111111111111111111111111111111111111111111111111111111111111111111111111111111111111111111111
11111111111111111111111111111111111111111111111111111111111111111111111111111111111111111111111111
11111111111111111111111111111111111111111111111111111111111111111111111111111111111111111111111111
11111111111111111111111111111111111111111111111111111111111111111111111111111111111111111111111111
11111111111111111111111111111111111111111111111001111111111111111111111111111111111111000111111111
11111111111111111111111111111111111111111111110000011111000001111111111111111111111100000000111111
11111111111111111111111111111111111111111110000000000000000000111111111111111111111000000000011111
11111111111111111111111111111111111111111100000000000000000000011111111111111111110000000000001111
11111111111111111111111111111111111111110000000000000000000000001111111111111111100000000000001111
11111111111111111111111111111111111111100000000000000000000000001111111111111100000000000000001111
11111111111111111111111111111111111111000000000000000000000000000111111111111000000000000000001111
11111111111111111111111111111111111100000000000000000000000000000111111111111000000000000000011111
11111111111111111111111111111111111000000000000000000000000000000001111111111100000000000000111111
11111111111111111001111111111111110000000000000000000000000000000000011111111110000000000000111111
11111111111111110000111001111111110000000000000000000000000000000000000111111111100000000000111111
11111111111111100000000000111111111000000000000000000000000000000000000001111111110000000000011111
11111111111111000000000000111111111000000000000000000000000000000000000000111111111000000000001111
30111111111110000000000000011111111100000000000000000000000000000000000000111111111110000000000003
30011111111100000000000000011111111111111111000000000000000000000000000000111111111111000000000003
30001111111100000000000000001111111111111111100000000000000000000000000000011111111111100000000003
30001111111110000000000000000001111111111111110000000000000000000000000000001111111111100000000003
30001111111111000000000000000000111111111111110000000000000000000000000000000111111111100000000003
30001111111111000000000000000000111111111111100000000000000000000000000000000011111111100000000003
30001111111110000000000000000001111111111111100000000000000000000000000000000011111111000000000003
30000111111000000000000000000001111111111111000000000000000000000000000000000011111110000000000003
30000011110000000000000000000000111111111100000000000000000000000000000000000011111100000000000003
30000000000000000000000000000000000000111000000000000000000000000000000000000111111000000000000003
30000000000000000000000000000000000000000000000000000000000000000000000000000111110000000000000003
30000000000000000000000000000000000000000000000000000000000000000000000000000111110000000000000003
30000000000000000000000000000000000000000000000000000000000000000000000000000111110000000000000003
30000000000000000000000000000000000000000000000000000000000000000000000000000111110000000000000003
30000000000000000000011100000000000000000000000000000000000000000000000000000111111100000000000003
30000000000000000000111111111111000111000011100000000000000000000000000000000111111100000000000003
30001100111111111111111111111111111111111111111110000000000000000000000000011111111110000000000003
11111111111111111111111111111111111111111111111111000000000011111111111111111111111111111111111111
11111111111111111111111111111111111111111111111111111111111111111111111111111111111111111111111111
11111111111111111111111111111111111111111111111111111111111111111111111111111111111111111111111111
11111111111111111111111111111111111111111111111111111111111111111111111111111111111111111111111111
 __________  -2055.99685628243      ______________________
11111111111111111111111111111111111111111111111111111111111111111111111111111111111111111111111111
30011111111111111111111111111111111111111111111111111111111111111111111111111111111111111111111103
30001111111111111111111111111111111111111111111111111111111111111111111111111111111111111111111003
30001111111111111111111111111111111111111111111111111111111111111111111111111111111111111111111003
30011111111111111111111111111111111111111111111111111111111111111111111111111111111111111111111003
30111111111111111111111111111111111111111111111111111111111111111111111111111111111111111111111103
11111111111111111111111111111111111111111111111001111111111111111111111111111111111111000000111111
11111111111111111111111111111111111111111111100000001111000001111111111111111111111100000000011111
11111111111111111111111111111111111111111110000000000000000000111111111111111111111000000000011111
11111111111111111111111111111111111111111100000000000000000000011111111111111111110000000000001111
11111111111111111111111111111111111111110000000000000000000000001111111111111111000000000000001111
11111111111111111111111111111111111111100000000000000000000000001111111111111100000000000000001111
11111111111111111111111111111111111111000000000000000000000000000111111111111000000000000000001111
11111111111111111111111111111111111100000000000000000000000000000111111111111000000000000000001111
11111111111111111111111111111111111000000000000000000000000000000001111111111100000000000000011111
11111111111111111001111111111111110000000000000000000000000000000000011111111110000000000000111111
11111111111111110000111001111111110000000000000000000000000000000000000111111111100000000000111111
11111111111111100000000000111111110000000000000000000000000000000000000001111111110000000000011111
11111111111111000000000000111111111000000000000000000000000000000000000000111111111000000000001111
30111111111110000000000000011111111100000000000000000000000000000000000000011111111100000000000003
30011111111100000000000000001111111111111000000000000000000000000000000000011111111111000000000003
30001111111100000000000000000111111111111100000000000000000000000000000000011111111111100000000003
30001111111110000000000000000001111111111110000000000000000000000000000000001111111111100000000003
30001111111110000000000000000000111111111110000000000000000000000000000000000111111111100000000003
30001111111100000000000000000000111111111111000000000000000000000000000000000011111111100000000003
30001111111000000000000000000001111111111111000000000000000000000000000000000011111111000000000003
30000111110000000000000000000001111111111110000000000000000000000000000000000011111110000000000003
30000011000000000000000000000000111111111100000000000000000000000000000000000011111100000000000003
30000000000000000000000000000000000000111000000000000000000000000000000000000111111000000000000003
30000000000000000000000000000000000000000000000000000000000000000000000000000111110000000000000003
30000000000000000000000000000000000000000000000000000000000000000000000000000111110000000000000003
30000000000000000000000000000000000000000000000000000000000000000000000000000111110000000000000003
30000000000000000000000000000000000000000000000000000000000000000000000000000110000000000000000003
30000000000000000000000000000000000000000000000000000000000000000000000000000000001100000000000003
30000000000000000000000000111000000110000000000000000000000000000000000000000001111100000000000003
30001100111111111111111111111111111111111111000000000000000000000000000000011111111110000000000003
11111111111111111111111111111111111111111111111111000000000000111111111111111111111111100011111111
11111111111111111111111111111111111111111111111111111111111111111111111111111111111111111111111111
11111111111111111111111111111111111111111111111111111111111111111111111111111111111111111111111111
11111111111111111111111111111111111111111111111111111111111111111111111111111111111111111111111111
 __________  -1483.78404858462      ______________________
11111111111111111111111111111111111111111111111111111111111111111111111111111111111111111111111111
30011111111111111111111111111111111111111111111111111111111111111111111111111111111111111111111103
30001111111111111111111111111111111111111111111111111111111111111111111111111111111111111111111003
30001111111111111111111111111111111111111111111111111111111111111111111111111111111111111111110003
30011111111111111111111111111111111111111111111111111111111111111111111111111111111111111111110003
30111111111111111111111111111111111111111111111111111111111111111111111111111111111111111111111003
11111111111111111111111111111111111111111111111001111111111111111111111111111111111111000000011111
11111111111111111111111111111111111111111111100000001111000001111111111111111111111100000000001111
11111111111111111111111111111111111111111110000000000000000000111111111111111111111000000000001111
11111111111111111111111111111111111111110000000000000000000000011111111111111111110000000000000111
11111111111111111111111111111111111111100000000000000000000000001111111111111111000000000000000111
11111111111111111111111111111111111111000000000000000000000000001111111111111100000000000000000111
11111111111111111111111111111111111110000000000000000000000000000111111111111000000000000000000111
11111111111111111111111111111111111100000000000000000000000000000111111111111000000000000000001111
11111111111111111111111111111111111000000000000000000000000000000001111111111000000000000000011111
11111111111111111001111111111111110000000000000000000000000000000000011111111000000000000000111111
11111111111111110000111000111111110000000000000000000000000000000000000111111100000000000000111111
11111111111111100000000000011111110000000000000000000000000000000000000001111111100000000000011111
11111111111111000000000000011111111000000000000000000000000000000000000000111111111000000000001111
30011111111110000000000000011111111100000000000000000000000000000000000000011111111100000000000003
30001111111100000000000000001111111111000000000000000000000000000000000000011111111111000000000003
30001111111100000000000000000111111111110000000000000000000000000000000000011111111111100000000003
30001111111110000000000000000001111111111000000000000000000000000000000000001111111111100000000003
30001111111110000000000000000000111111111000000000000000000000000000000000000111111111100000000003
30001111111100000000000000000000111111111000000000000000000000000000000000000011111111000000000003
30001111111000000000000000000001111111111100000000000000000000000000000000000011111110000000000003
30000111110000000000000000000001111111111100000000000000000000000000000000000011111100000000000003
30000011000000000000000000000000111111111100000000000000000000000000000000000011111100000000000003
30000000000000000000000000000000000000111000000000000000000000000000000000000111111000000000000003
30000000000000000000000000000000000000000000000000000000000000000000000000000111110000000000000003
30000000000000000000000000000000000000000000000000000000000000000000000000000111100000000000000003
30000000000000000000000000000000000000000000000000000000000000000000000000000111100000000000000003
30000000000000000000000000000000000000000000000000000000000000000000000000000110000000000000000003
30000000000000000000000000000000000000000000000000000000000000000000000000000000001100000000000003
30000000000000000000000000111000000000000000000000000000000000000000000000000001111100000000000003
30001100011111111111111111111111111111111111000000000000000000000000000000001111111110000000000003
11111111111111111111111111111111111111111111111111000000000000111111111111111111111111000001111111
11111111111111111111111111111111111111111111111111111111111111111111111111111111111111111111111111
11111111111111111111111111111111111111111111111111111111111111111111111111111111111111111111111111
11111111111111111111111111111111111111111111111111111111111111111111111111111111111111111111111111
 __________  -1040.95854004357      ______________________
11111111111111111111111111111111111111111111111111111111111111111111111111111111111111111111111111
30011111111111111111111111111111111111111111111111111111111111111111111111111111111111111111111103
30001111111111111111111111111111111111111111111111111111111111111111111111111111111111111111111003
30001111111111111111111111111111111111111111111111111111111111111111111111111111111111111111110003
30011111111111111111111111111111111111111111111111111111111111111111111111111111111111111111110003
30111111111111111111111111111111111111111111111111111111111111111111111111111111111111110011111003
11111111111111111111111111111111111111111111111001111111111111111111111111111111111111000000011111
11111111111111111111111111111111111111111111100000001111000001111111111111111111111100000000001111
11111111111111111111111111111111111111110000000000000000000000111111111111111111111000000000000111
11111111111111111111111111111111111111100000000000000000000000011111111111111111110000000000000111
11111111111111111111111111111111111111000000000000000000000000001111111111111111000000000000000111
11111111111111111111111111111111111111000000000000000000000000001111111111111100000000000000000111
11111111111111111111111111111111111110000000000000000000000000000111111111111000000000000000000111
11111111111111111111111111111111111100000000000000000000000000000111111111111000000000000000001111
11111111111111111111111111111111111000000000000000000000000000000001111111111000000000000000011111
11111111111111111001111111111111110000000000000000000000000000000000011111111000000000000000111111
11111111111111110000111000111111110000000000000000000000000000000000000111111100000000000000111111
11111111111111100000000000011111110000000000000000000000000000000000000001111111100000000000011111
11111111111111000000000000011111111000000000000000000000000000000000000000111111111000000000001111
30011111111110000000000000011111111100000000000000000000000000000000000000011111111100000000000003
30001111111100000000000000001111111111000000000000000000000000000000000000011111111111000000000003
30001111111100000000000000000111111111110000000000000000000000000000000000011111111111100000000003
30001111111110000000000000000001111111111000000000000000000000000000000000001111111111100000000003
30001111111110000000000000000000111111111000000000000000000000000000000000000111111111100000000003
30001111111100000000000000000000111111111000000000000000000000000000000000000011111111000000000003
30000111111000000000000000000001111111111100000000000000000000000000000000000011111110000000000003
30000111110000000000000000000001111111111100000000000000000000000000000000000011111100000000000003
30000011000000000000000000000000111111111100000000000000000000000000000000000011111000000000000003
30000000000000000000000000000000000000111000000000000000000000000000000000000111110000000000000003
30000000000000000000000000000000000000000000000000000000000000000000000000000111100000000000000003
30000000000000000000000000000000000000000000000000000000000000000000000000000111100000000000000003
30000000000000000000000000000000000000000000000000000000000000000000000000000111100000000000000003
30000000000000000000000000000000000000000000000000000000000000000000000000000110000000000000000003
30000000000000000000000000000000000000000000000000000000000000000000000000000000001100000000000003
30000000000000000000000000110000000000000000000000000000000000000000000000000001111100000000000003
30000000011111111111111111111111111111111111000000000000000000000000000000001111111110000000000003
11111111111111111111111111111111111111111111111111000000000000111111111111111111111111000001111111
11111111111111111111111111111111111111111111111111111111111111111111111111111111111111111111111111
11111111111111111111111111111111111111111111111111111111111111111111111111111111111111111111111111
11111111111111111111111111111111111111111111111111111111111111111111111111111111111111111111111111
 __________  -709.291144134118      ______________________
11111111111111111111111111111111111111111111111111111111111111111111111111111111111111111111111111
30011111111111111111111111111111111111111111111111111111111111111111111111111111111111111111111103
30001111111111111111111111111111111111111111111111111111111111111111111111111111111111111111111003
30001111111111111111111111111111111111111111111111111111111111111111111111111111111111111111110003
30011111111111111111111111111111111111111111111111111111111111111111111111111111111111111111100003
30111111111111111111111111111111111111111111111111111111111111111111111111111111111111110011000003
11111111111111111111111111111111111111111111111001111111111111111111111111111111111111000000000011
11111111111111111111111111111111111111111111100000001111000001111111111111111111111100000000000111
11111111111111111111111111111111111111110000000000000000000000111111111111111111111000000000000111
11111111111111111111111111111111111111100000000000000000000000011111111111111111110000000000000111
11111111111111111111111111111111111111000000000000000000000000001111111111111111000000000000000111
11111111111111111111111111111111111111000000000000000000000000001111111111111100000000000000000111
11111111111111111111111111111111111110000000000000000000000000000111111111111000000000000000000111
11111111111111111111111111111111111100000000000000000000000000000111111111111000000000000000001111
11111111111111111001111111111111111000000000000000000000000000000001111111111000000000000000011111
11111111111111110000111111111111110000000000000000000000000000000000011111111000000000000000111111
11111111111111110000011000111111110000000000000000000000000000000000000111111100000000000000111111
11111111111111100000000000011111110000000000000000000000000000000000000001111111100000000000011111
11111111111111000000000000011111110000000000000000000000000000000000000000111111111000000000001111
30011111111110000000000000011111111000000000000000000000000000000000000000011111111100000000000003
30001111111100000000000000001111111111000000000000000000000000000000000000011111111111000000000003
30001111111100000000000000000111111111110000000000000000000000000000000000011111111111100000000003
30001111111110000000000000000001111111111000000000000000000000000000000000001111111111100000000003
30001111111110000000000000000000111111111000000000000000000000000000000000000111111111100000000003
30001111111100000000000000000000111111111000000000000000000000000000000000000011111111000000000003
30000111111000000000000000000001111111111100000000000000000000000000000000000011111110000000000003
30000111110000000000000000000001111111111100000000000000000000000000000000000011111100000000000003
30000011000000000000000000000000111111111100000000000000000000000000000000000011111000000000000003
30000000000000000000000000000000000000111000000000000000000000000000000000000111110000000000000003
30000000000000000000000000000000000000000000000000000000000000000000000000000111100000000000000003
30000000000000000000000000000000000000000000000000000000000000000000000000000111100000000000000003
30000000000000000000000000000000000000000000000000000000000000000000000000000111100000000000000003
30000000000000000000000000000000000000000000000000000000000000000000000000000000000000000000000003
30000000000000000000000000000000000000000000000000000000000000000000000000000000000000000000000003
30000000000000000000000000110000000000000000000000000000000000000000000000000001110000000000000003
30000000011111111111111111111111111111111111000000000000000000000000000000001111111000000000000003
11111111111111111111111111111111111111111111111111000000000000111111111111111111111110000001111111
11111111111111111111111111111111111111111111111111111111111111111111111111111111111111111111111111
11111111111111111111111111111111111111111111111111111111111111111111111111111111111111111111111111
11111111111111111111111111111111111111111111111111111111111111111111111111111111111111111111111111
 __________  -466.914758094939      ______________________
11111111111111111111111111111111111111111111111111111111111111111111111111111111111111111111111111
30001111111111111111111111111111111111111111111111111111111111111111111111111111111111111111111003
30000111111111111111111111111111111111111111111111111111111111111111111111111111111111111111110003
30000111111111111111111111111111111111111111111111111111111111111111111111111111111111111111100003
30001111111111111111111111111111111111111111111111111111111111111111111111111111111111111110000003
30011111111111111111111111111111111111111111111111111111111111111111111111111111111111110000000003
11111111111111111111111111111111111111111111111001111111111111111111111111111111111111000000000011
11111111111111111111111111111111111111111111100000001111000001111111111111111111111100000000000111
11111111111111111111111111111111111111110000000000000000000000111111111111111111111000000000000111
11111111111111111111111111111111111111100000000000000000000000011111111111111111110000000000000111
11111111111111111111111111111111111111000000000000000000000000001111111111111111000000000000000111
11111111111111111111111111111111111110000000000000000000000000001111111111111100000000000000000111
11111111111111111111111111111111111100000000000000000000000000000111111111111000000000000000000111
11111111111111111111111111111111111000000000000000000000000000000111111111111000000000000000001111
11111111111111111001111111111111110000000000000000000000000000000001111111111000000000000000011111
11111111111111110000111111111111100000000000000000000000000000000000011111111000000000000000111111
11111111111111110000011000111111100000000000000000000000000000000000000111111100000000000000111111
11111111111111100000000000011111110000000000000000000000000000000000000001111111100000000000011111
11111111111111000000000000011111110000000000000000000000000000000000000000111111111000000000001111
30011111111110000000000000011111111000000000000000000000000000000000000000011111111100000000000003
30001111111100000000000000001111111111000000000000000000000000000000000000011111111111000000000003
30001111111100000000000000000111111111100000000000000000000000000000000000011111111111100000000003
30001111111100000000000000000001111111110000000000000000000000000000000000001111111111100000000003
30001111111100000000000000000000111111110000000000000000000000000000000000000111111111100000000003
30001111111000000000000000000000111111111000000000000000000000000000000000000011111111000000000003
30000111110000000000000000000001111111111100000000000000000000000000000000000011111110000000000003
30000111100000000000000000000001111111111100000000000000000000000000000000000011111100000000000003
30000011000000000000000000000000111111111100000000000000000000000000000000000011111000000000000003
30000000000000000000000000000000000000111000000000000000000000000000000000000111110000000000000003
30000000000000000000000000000000000000000000000000000000000000000000000000000111100000000000000003
30000000000000000000000000000000000000000000000000000000000000000000000000000111100000000000000003
30000000000000000000000000000000000000000000000000000000000000000000000000000011000000000000000003
30000000000000000000000000000000000000000000000000000000000000000000000000000000000000000000000003
30000000000000000000000000000000000000000000000000000000000000000000000000000000000000000000000003
30000000000000000000000000000000000000000000000000000000000000000000000000000001100000000000000003
30000000011111111111111111111111111111111111000000000000000000000000000000000111100000000000000003
11111111111111111111111111111111111111111111110000000000000000011110011111111111110000000001111111
11111111111111111111111111111111111111111111111111111111111111111111111111111111111111111111111111
11111111111111111111111111111111111111111111111111111111111111111111111111111111111111111111111111
11111111111111111111111111111111111111111111111111111111111111111111111111111111111111111111111111
 __________  -292.956354013395      ______________________
11111111111111111111111111111111111111111111111111111111111111111111111111111111111111111111111111
30001111111111111111111111111111111111111111111111111111111111111111111111111111111111111111111003
30000111111111111111111111111111111111111111111111111111111111111111111111111111111111111111110003
30000111111111111111111111111111111111111111111111111111111111111111111111111111111111111111000003
30000111111111111111111111111111111111111111111111111111111111111111111111111111111111111110000003
30001111111111111111111111111111111111111111111111111111111111111111111111111111111111000000000003
11111111111111111111111111111111111111111111111001111111111111111111111111111111111110000000000011
11111111111111111111111111111111111111110011000000001111000001111111111111111111111000000000000111
11111111111111111111111111111111111111100000000000000000000000111111111111111111110000000000000111
11111111111111111111111111111111111111000000000000000000000000011111111111111111100000000000000111
11111111111111111111111111111111111111000000000000000000000000001111111111111111000000000000000111
11111111111111111111111111111111111110000000000000000000000000001111111111111100000000000000000111
11111111111111111111111111111111111100000000000000000000000000000111111111111000000000000000000111
11111111111111111111111111111111111000000000000000000000000000000111111111110000000000000000001111
11111111111111111001111111111111110000000000000000000000000000000001111111110000000000000000011111
11111111111111110000111111111111100000000000000000000000000000000000011111111000000000000000111111
11111111111111110000011000111111100000000000000000000000000000000000000111111100000000000000111111
11111111111111100000000000011111110000000000000000000000000000000000000001111111100000000000011111
11111111111111000000000000011111110000000000000000000000000000000000000000111111111000000000001111
30011111111110000000000000011111111000000000000000000000000000000000000000011111111100000000000003
30001111111100000000000000001111111111000000000000000000000000000000000000011111111111000000000003
30001111111100000000000000000111111111100000000000000000000000000000000000011111111111100000000003
30001111111100000000000000000001111111110000000000000000000000000000000000001111111111100000000003
30001111111100000000000000000000111111110000000000000000000000000000000000000111111111100000000003
30001111111000000000000000000000111111111000000000000000000000000000000000000011111111000000000003
30000111110000000000000000000001111111111100000000000000000000000000000000000011111110000000000003
30000111100000000000000000000001111111111100000000000000000000000000000000000011111100000000000003
30000011000000000000000000000000111111111100000000000000000000000000000000000011111000000000000003
30000000000000000000000000000000000000111000000000000000000000000000000000000111110000000000000003
30000000000000000000000000000000000000000000000000000000000000000000000000000111100000000000000003
30000000000000000000000000000000000000000000000000000000000000000000000000000111100000000000000003
30000000000000000000000000000000000000000000000000000000000000000000000000000011000000000000000003
30000000000000000000000000000000000000000000000000000000000000000000000000000000000000000000000003
30000000000000000000000000000000000000000000000000000000000000000000000000000000000000000000000003
30000000000000000000000000000000000000000000000000000000000000000000000000000001100000000000000003
30000000011111111111111111111111111111111111000000000000000000000000000000000011100000000000000003
11111111111111111111111111111111111111111111110000000000000000011000011111111111110000000001111111
11111111111111111111111111111111111111111111111111111111111111111111111111111111111111111111111111
11111111111111111111111111111111111111111111111111111111111111111111111111111111111111111111111111
11111111111111111111111111111111111111111111111111111111111111111111111111111111111111111111111111
 __________  -169.712642086551      ______________________
11111111111111111111111111111111111111111111111111111111111111111111111111111111111111111111111111
30000000000000000000000000000000000000000000000000001111111111111111111111111111111111111111100003
30000000000000000000000000000000000000000000000000000111111111111111111111111111111111111111000003
30000111100001111111111111111111111111111111111111111111111111111111111111111111001111111111000003
30000111110011111111111111111111111111111111111111111111111111111111111111111110000111111110000003
30001111111111111111111111111111111111111111111111111111111111111111111111111110000011000000000003
11111111111111111111111111111111111111111111111000111111111111111111111111111110000000000000000011
11111111111111111111111111111111111111100011000000000110000001111111111111111111000000000000000111
11111111111111111111111111111111111111000000000000000000000000011111111111111111100000000000000111
11111111111111111111111111111111111111000000000000000000000000001111111111111111100000000000000111
11111111111111111111111111111111111111000000000000000000000000001111111111111111000000000000000111
11111111111111111111111111111111111110000000000000000000000000000111111111111100000000000000000111
11111111111111111111111111111111111100000000000000000000000000000011111111111000000000000000000111
11111111111111111111111111111111111000000000000000000000000000000111111111110000000000000000001111
11111111111111111001111111111111110000000000000000000000000000000001111000000000000000000000011111
11111111111111110000111111111111100000000000000000000000000000000000011110000000000000000000111111
11111111111111110000011000111111000000000000000000000000000000000000000111101100000000000000111111
11111111111111100000000000011111000000000000000000000000000000000000000001111110000000000000011111
11111111111111000000000000011111100000000000000000000000000000000000000000111111111000000000001111
30011111111110000000000000011111100000000000000000000000000000000000000000011111111100000000000003
30001111111100000000000000001111000000000000000000000000000000000000000000011111111111000000000003
30001111111100000000000000000111000011100000000000000000000000000000000000011111111111100000000003
30001111111100000000000000000001100111110000000000000000000000000000000000001111111111100000000003
30001111111100000000000000000000111111110000000000000000000000000000000000000111111111100000000003
30001111111000000000000000000000111111111000000000000000000000000000000000000011111111000000000003
30000111110000000000000000000001111111111100000000000000000000000000000000000011111110000000000003
30000111100000000000000000000001111111111100000000000000000000000000000000000011111100000000000003
30000011000000000000000000000000111111111100000000000000000000000000000000000011111000000000000003
30000000000000000000000000000000000000111000000000000000000000000000000000000111110000000000000003
30000000000000000000000000000000000000000000000000000000000000000000000000000111100000000000000003
30000000000000000000000000000000000000000000000000000000000000000000000000000011000000000000000003
30000000000000000000000000000000000000000000000000000000000000000000000000000011000000000000000003
30000000000000000000000000000000000000000000000000000000000000000000000000000000000000000000000003
30000000000000000000000000000000000000000000000000000000000000000000000000000000000000000000000003
30000000000000000000000000000000000000000000000000000000000000000000000000000001100000000000000003
30000000011111111111111111111111111111111110000000000000000000000000000000000011100000000000000003
11111111111111111111111111111111111111111111100000000000000000011000001111111111110000000001111111
11111111111111111111111111111111111111111111111111111111111111111111111111111111111111111111111111
11111111111111111111111111111111111111111111111111111111111111111111111111111111111111111111111111
11111111111111111111111111111111111111111111111111111111111111111111111111111111111111111111111111
 __________  -83.1991497739176      ______________________
11111111111111111111111111111111111111111111111111111111111111111111111111111111111111111111111111
30000000000000000000000000000000000000000000000000001111111111111111111111111111111111111111100003
30000000000000000000000000000000000000000000000000000111111111111111111111111111111111111111000003
30000011000000000001111111111111111111111111111000000111111111111111111111111111001111111111000003
30000111110000111111111111111111111111111111111111001111111111111111111111111110000111111110000003
30001111111111111111111111111111111111111111111111111111111111111111111111111110000011000000000003
30111111111111111111111111111111111111111111111000001111111111111111111111111110000000000000000003
11111111111111111111111111111111111111100011000000000000000001111111111111111111000000000000000011
11111111111111111111111111111111111111000000000000000000000000011111111111111111000000000000000111
11111111111111111111111111111111111110000000000000000000000000001111111111111110000000000000000111
11111111111111111111111111111111111100000000000000000000000000001111111111111100000000000000000111
11111111111111111111111111111111111000000000000000000000000000000111111111111000000000000000000111
11111111111111111111111111111111110000000000000000000000000000000011111111110000000000000000000111
11111111111111111111111111111111110000000000000000000000000000000111111111100000000000000000001111
11111111111111111001111111111111100000000000000000000000000000000001111000000000000000000000011111
11111111111111110000111111111110000000000000000000000000000000000000011110000000000000000000011111
11111111111111110000011000111100000000000000000000000000000000000000000111101100000000000000011111
11111111111111100000000000011100000000000000000000000000000000000000000001111110000000000000011111
11111111111111000000000000001110000000000000000000000000000000000000000000111111111000000000001111
30011111111110000000000000001111000000000000000000000000000000000000000000011111111100000000000003
30001111111100000000000000001111000000000000000000000000000000000000000000011111111111000000000003
30001111111100000000000000000110000011100000000000000000000000000000000000011111111111100000000003
30001111111100000000000000000000000111110000000000000000000000000000000000001111111111100000000003
30001111111100000000000000000000001111110000000000000000000000000000000000000111111111100000000003
30001111111000000000000000000000111111111000000000000000000000000000000000000011111111000000000003
30000111110000000000000000000001111111111100000000000000000000000000000000000011111110000000000003
30000111100000000000000000000001111111111100000000000000000000000000000000000011111100000000000003
30000011000000000000000000000000110001111100000000000000000000000000000000000011111000000000000003
30000000000000000000000000000000000000111000000000000000000000000000000000000111110000000000000003
30000000000000000000000000000000000000000000000000000000000000000000000000000111100000000000000003
30000000000000000000000000000000000000000000000000000000000000000000000000000011000000000000000003
30000000000000000000000000000000000000000000000000000000000000000000000000000011000000000000000003
30000000000000000000000000000000000000000000000000000000000000000000000000000000000000000000000003
30000000000000000000000000000000000000000000000000000000000000000000000000000000000000000000000003
30000000000000000000000000000000000000000000000000000000000000000000000000000001100000000000000003
30000000011111111111111111111111111111111110000000000000000000000000000000000001100000000000000003
11111111111111111111111111111111111111111111100000000000000000011000001111111111110000000000111111
11111111111111111111111111111111111111111111111111111111111111111111111111111111111111111111111111
11111111111111111111111111111111111111111111111111111111111111111111111111111111111111111111111111
11111111111111111111111111111111111111111111111111111111111111111111111111111111111111111111111111
 __________  -22.8611392683420      ______________________
11111111111111111111111111111111111111111111111111111111111111111111111111111111111111111111111111
30000000000000000000000000000000000000000000000000001111111111111111111111111111111111111111100003
30000000000000000000000000000000000000000000000000000111111111111111111111111111111111111111000003
30000011000000000001111111111111111111111111111000000111111111111111111111111111001111111111000003
30000111110000111111111111111111111111111111111111001111111111111111111111111110000111111110000003
30001111111111111111111111111111111111111111111111111111111111111111111111111110000011000000000003
30111111111111111111111111111111111111111111111000001111111111111111111111111110000000000000000003
11111111111111111111111111111111111111100011000000000000000001111111111111111111000000000000000011
11111111111111111111111111111111111111000000000000000000000000011111111111111111000000000000000111
11111111111111111111111111111111111110000000000000000000000000001111111111111110000000000000000111
11111111111111111111111111111111111100000000000000000000000000001111111111111100000000000000000111
11111111111111111111111111111111111000000000000000000000000000000111111111111000000000000000000111
11111111111111111111111111111111110000000000000000000000000000000011111111110000000000000000000111
11111111111111111111111111111111110000000000000000000000000000000111111111100000000000000000001111
11111111111111111001111111111111100000000000000000000000000000000001111000000000000000000000011111
11111111111111110000111111111110000000000000000000000000000000000000011110000000000000000000011111
11111111111111110000011000111100000000000000000000000000000000000000000111101100000000000000011111
11111111111111100000000000011100000000000000000000000000000000000000000001111110000000000000011111
11111111111111000000000000001110000000000000000000000000000000000000000000111111111000000000001111
30011111111110000000000000001111000000000000000000000000000000000000000000011111111100000000000003
30001111111100000000000000001111000000000000000000000000000000000000000000011111111111000000000003
30001111111100000000000000000110000011100000000000000000000000000000000000011111111111100000000003
30001111111100000000000000000000000111110000000000000000000000000000000000001111111111100000000003
30001111111100000000000000000000001111110000000000000000000000000000000000000111111111100000000003
30001111111000000000000000000000111111111000000000000000000000000000000000000011111111000000000003
30000111110000000000000000000001111111111100000000000000000000000000000000000011111110000000000003
30000111100000000000000000000001111111111100000000000000000000000000000000000011111100000000000003
30000011000000000000000000000000110001111100000000000000000000000000000000000011111000000000000003
30000000000000000000000000000000000000111000000000000000000000000000000000000111110000000000000003
30000000000000000000000000000000000000000000000000000000000000000000000000000111100000000000000003
30000000000000000000000000000000000000000000000000000000000000000000000000000011000000000000000003
30000000000000000000000000000000000000000000000000000000000000000000000000000011000000000000000003
30000000000000000000000000000000000000000000000000000000000000000000000000000000000000000000000003
30000000000000000000000000000000000000000000000000000000000000000000000000000000000000000000000003
30000000000000000000000000000000000000000000000000000000000000000000000000000001100000000000000003
30000000011111111111111111111111111111111110000000000000000000000000000000000001100000000000000003
11111111111111111111111111111111111111111111100000000000000000011000001111111111110000000000111111
11111111111111111111111111111111111111111111111111111111111111111111111111111111111111111111111111
11111111111111111111111111111111111111111111111111111111111111111111111111111111111111111111111111
11111111111111111111111111111111111111111111111111111111111111111111111111111111111111111111111111
 __________  0.000000000000000E+000 ______________________
11111111111111111111111111111111111111111111111111111111111111111111111111111111111111111111111111
11111111111111111111111111111111111111111111111111111111111111111111111111111111111111111111111111
11111111111111111111111111111111111111111111111111111111111111111111111111111111111111111111111111
11111111111111111111111111111111111111111111111111111111111111111111111111111111111111111111111111
11111111111111111111111111111111111111111111111111111111111111111111111111111111111111111111111111
11111111111111111111111111111111111111111111111111111111111111111111111111111111111111111111111111
11111111111111111111111111111111111111111111111111111111111111111111111111111111111111111111111111
11111111111111111111111111111111111111111111111111111111111111111111111111111111111111111111111111
11111111111111111111111111111111111111111111111111111111111111111111111111111111111111111111111111
11111111111111111111111111111111111111111111111111111111111111111111111111111111111111111111111111
11111111111111111111111111111111111111111111111111111111111111111111111111111111111111111111111111
11111111111111111111111111111111111111111111111111111111111111111111111111111111111111111111111111
11111111111111111111111111111111111111111111111111111111111111111111111111111111111111111111111111
11111111111111111111111111111111111111111111111111111111111111111111111111111111111111111111111111
11111111111111111111111111111111111111111111111111111111111111111111111111111111111111111111111111
11111111111111111111111111111111111111111111111111111111111111111111111111111111111111111111111111
11111111111111111111111111111111111111111111111111111111111111111111111111111111111111111111111111
11111111111111111111111111111111111111111111111111111111111111111111111111111111111111111111111111
11111111111111111111111111111111111111111111111111111111111111111111111111111111111111111111111111
11111111111111111111111111111111111111111111111111111111111111111111111111111111111111111111111111
11111111111111111111111111111111111111111111111111111111111111111111111111111111111111111111111111
11111111111111111111111111111111111111111111111111111111111111111111111111111111111111111111111111
11111111111111111111111111111111111111111111111111111111111111111111111111111111111111111111111111
11111111111111111111111111111111111111111111111111111111111111111111111111111111111111111111111111
11111111111111111111111111111111111111111111111111111111111111111111111111111111111111111111111111
11111111111111111111111111111111111111111111111111111111111111111111111111111111111111111111111111
11111111111111111111111111111111111111111111111111111111111111111111111111111111111111111111111111
11111111111111111111111111111111111111111111111111111111111111111111111111111111111111111111111111
11111111111111111111111111111111111111111111111111111111111111111111111111111111111111111111111111
11111111111111111111111111111111111111111111111111111111111111111111111111111111111111111111111111
11111111111111111111111111111111111111111111111111111111111111111111111111111111111111111111111111
11111111111111111111111111111111111111111111111111111111111111111111111111111111111111111111111111
11111111111111111111111111111111111111111111111111111111111111111111111111111111111111111111111111
11111111111111111111111111111111111111111111111111111111111111111111111111111111111111111111111111
11111111111111111111111111111111111111111111111111111111111111111111111111111111111111111111111111
11111111111111111111111111111111111111111111111111111111111111111111111111111111111111111111111111
11111111111111111111111111111111111111111111111111111111111111111111111111111111111111111111111111
11111111111111111111111111111111111111111111111111111111111111111111111111111111111111111111111111
11111111111111111111111111111111111111111111111111111111111111111111111111111111111111111111111111
11111111111111111111111111111111111111111111111111111111111111111111111111111111111111111111111111
