 __________   7222.44802305548      ______________________
11111111111111111111111111111111111111111111111111111111111111111111111111111111111111111111111111
11111111111111111111111111111111111111111111111111111111111111111111111111111111111111111111111111
11111111111111111111111111111111111111111111111111111111111111111111111111111111111111111111111111
11111111111111111111111111111111111111111111111111111111111111111111111111111111111111111111111111
11111111111111111111111111111111111111111111111111111111111111111111111111111111111111111111111111
11111111111111111111111111111111111111111111111111111111111111111111111111111111111111111111111111
11111111111111111111111111111111111111111111111111111111111111111111111111111111111111111111111111
11111111111111111111111111111111111111111111111111111111111111111111111111111111111111111111111111
11111111111111111111111111111111111111111111111111111111111111111111111111111111111111111111111111
11111111111111111111111111111111111111111111111111111111111111111111111111111111111111111111111111
11111111111111111111111111111111111111111111111111111111111111111111111111111111111111111111111111
11111111111111111111111111111111111111111111111111111111111111111111111111111111111111111111111111
11111111111111111111111111111111111111111111111111111111111111111111111111111111111111111111111111
11111111111111111111111111111111111111111111111111111111111111111111111111111111111111111111111111
11111111111111111111111111111111111111111111111111111111111111111111111111111111111111111111111111
11111111111111111111111111111111111111111111111111111111111111111111111111111111111111111111111111
11111111111111111111111111111111111111111111111111111111111111111111111111111111111111111111111111
11111111111111111111111111111111111111111111111111111111111111111111111111111111111111111111111111
11111111111111111111111111111111111111111111111111111111111111111111111111111111111111111111111111
11111111111111111111111111111111111111111111111111111111111111111111111111111111111111111111111111
11111111111111111111111111111111111111111111111111111111111111111111111111111111111111111111111111
11111111111111111111111111111111111111111111111111111111111111111111111111111111111111111111111111
11111111111111111111111111111111111111111111111111111111111111111111111111111111111111111111111111
11111111111111111111111111111111111111111111111111111111111111111111111111111111111111111111111111
11111111111111111111111111111111111111111111111111111111111111111111111111111111111111111111111111
11111111111111111111111111111111111111111111111111111111111111111111111111111111111111111111111111
11111111111111111111111111111111111111111111111111111111111111111111111111111111111111111111111111
11111111111111111111111111111111111111111111111111111111111111111111111111111111111111111111111111
11111111111111111111111111111111111111111111111111111111111111111111111111111111111111111111111111
11111111111111111111111111111111111111111111111111111111111111111111111111111111111111111111111111
11111111111111111111111111111111111111111111111111111111111111111111111111111111111111111111111111
11111111111111111111111111111111111111111111111111111111111111111111111111111111111111111111111111
11111111111111111111111111111111111111111111111111111111111111111111111111111111111111111111111111
11111111111111111111111111111111111111111111111111111111111111111111111111111111111111111111111111
11111111111111111111111111111111111111111111111111111111111111111111111111111111111111111111111111
11111111111111111111111111111111111111111111111111111111111111111111111111111111111111111111111111
11111111111111111111111111111111111111111111111111111111111111111111111111111111111111111111111111
11111111111111111111111111111111111111111111111111111111111111111111111111111111111111111111111111
11111111111111111111111111111111111111111111111111111111111111111111111111111111111111111111111111
11111111111111111111111111111111111111111111111111111111111111111111111111111111111111111111111111
 __________  -83.1991497739176      ______________________
11111111111111111111111111111111111111111111111111111111111111111111111111111111111111111111111111
30000000000000000000000000000000000000000000000000001111111111111111111111111111111111111111100003
30000000000000000000000000000000000000000000000000000111111111111111111111111111111111111111000003
30000011000000000001111111111111111111111111111000000111111111111111111111111111001111111111000003
30000111110000111111111111111111111111111111111111001111111111111111111111111110000111111110000003
30001111111111111111111111111111111111111111111111111111111111111111111111111110000011000000000003
30111111111111111111111111111111111111111111111000001111111111111111111111111110000000000000000003
11111111111111111111111111111111111111100011000000000000000001111111111111111111000000000000000011
11111111111111111111111111111111111111000000000000000000000000011111111111111111000000000000000111
11111111111111111111111111111111111110000000000000000000000000001111111111111110000000000000000111
11111111111111111111111111111111111100000000000000000000000000001111111111111100000000000000000111
11111111111111111111111111111111111000000000000000000000000000000111111111111000000000000000000111
11111111111111111111111111111111110000000000000000000000000000000011111111110000000000000000000111
11111111111111111111111111111111110000000000000000000000000000000111111111100000000000000000001111
11111111111111111001111111111111100000000000000000000000000000000001111000000000000000000000011111
11111111111111110000111111111110000000000000000000000000000000000000011110000000000000000000011111
11111111111111110000011000111100000000000000000000000000000000000000000111101100000000000000011111
11111111111111100000000000011100000000000000000000000000000000000000000001111110000000000000011111
11111111111111000000000000001110000000000000000000000000000000000000000000111111111000000000001111
30011111111110000000000000001111000000000000000000000000000000000000000000011111111100000000000003
30001111111100000000000000001111000000000000000000000000000000000000000000011111111111000000000003
30001111111100000000000000000110000011100000000000000000000000000000000000011111111111100000000003
30001111111100000000000000000000000111110000000000000000000000000000000000001111111111100000000003
30001111111100000000000000000000001111110000000000000000000000000000000000000111111111100000000003
30001111111000000000000000000000111111111000000000000000000000000000000000000011111111000000000003
30000111110000000000000000000001111111111100000000000000000000000000000000000011111110000000000003
30000111100000000000000000000001111111111100000000000000000000000000000000000011111100000000000003
30000011000000000000000000000000110001111100000000000000000000000000000000000011111000000000000003
30000000000000000000000000000000000000111000000000000000000000000000000000000111110000000000000003
30000000000000000000000000000000000000000000000000000000000000000000000000000111100000000000000003
30000000000000000000000000000000000000000000000000000000000000000000000000000011000000000000000003
30000000000000000000000000000000000000000000000000000000000000000000000000000011000000000000000003
30000000000000000000000000000000000000000000000000000000000000000000000000000000000000000000000003
30000000000000000000000000000000000000000000000000000000000000000000000000000000000000000000000003
30000000000000000000000000000000000000000000000000000000000000000000000000000001100000000000000003
30000000011111111111111111111111111111111110000000000000000000000000000000000001100000000000000003
11111111111111111111111111111111111111111111100000000000000000011000001111111111110000000000111111
11111111111111111111111111111111111111111111111111111111111111111111111111111111111111111111111111
11111111111111111111111111111111111111111111111111111111111111111111111111111111111111111111111111
11111111111111111111111111111111111111111111111111111111111111111111111111111111111111111111111111
 __________  -22.8611392683420      ______________________
11111111111111111111111111111111111111111111111111111111111111111111111111111111111111111111111111
30000000000000000000000000000000000000000000000000001111111111111111111111111111111111111111100003
30000000000000000000000000000000000000000000000000000111111111111111111111111111111111111111000003
30000011000000000001111111111111111111111111111000000111111111111111111111111111001111111111000003
30000111110000111111111111111111111111111111111111001111111111111111111111111110000111111110000003
30001111111111111111111111111111111111111111111111001111111111111111111111111110000011000000000003
30111111111111111111111111111111111111111111111000001111111111111111111111111110000000000000000003
11111111111111111111111111111111111111100011000000000000000001111111111111111111000000000000000011
11111111111111111111111111111111111111000000000000000000000000011111111111111111000000000000000111
11111111111111111111111111111111111110000000000000000000000000001111111111111110000000000000000111
11111111111111111111111111111111111100000000000000000000000000001111111111111100000000000000000111
11111111111111111111111111111111111000000000000000000000000000000111111111111000000000000000000111
11111111111111111111111111111111110000000000000000000000000000000011111111110000000000000000000111
11111111111111111111111111111111110000000000000000000000000000000111111111100000000000000000001111
11111111111111111001111111111111100000000000000000000000000000000001111000000000000000000000011111
11111111111111110000111111111110000000000000000000000000000000000000011110000000000000000000011111
11111111111111110000011000111100000000000000000000000000000000000000000111101100000000000000011111
11111111111111100000000000011100000000000000000000000000000000000000000001111110000000000000011111
11111111111111000000000000001110000000000000000000000000000000000000000000111111111000000000001111
30011111111110000000000000001111000000000000000000000000000000000000000000011111111100000000000003
30001111111100000000000000001111000000000000000000000000000000000000000000011111111111000000000003
30001111111100000000000000000110000011100000000000000000000000000000000000011111111111100000000003
30001111111100000000000000000000000111110000000000000000000000000000000000001111111111100000000003
30001111111100000000000000000000001111110000000000000000000000000000000000000111111111100000000003
30001111111000000000000000000000111111111000000000000000000000000000000000000011111111000000000003
30000111110000000000000000000001111111111100000000000000000000000000000000000011111110000000000003
30000111100000000000000000000001111111111100000000000000000000000000000000000011111100000000000003
30000011000000000000000000000000110001111100000000000000000000000000000000000011111000000000000003
30000000000000000000000000000000000000111000000000000000000000000000000000000111110000000000000003
30000000000000000000000000000000000000000000000000000000000000000000000000000111100000000000000003
30000000000000000000000000000000000000000000000000000000000000000000000000000011000000000000000003
30000000000000000000000000000000000000000000000000000000000000000000000000000011000000000000000003
30000000000000000000000000000000000000000000000000000000000000000000000000000000000000000000000003
30000000000000000000000000000000000000000000000000000000000000000000000000000000000000000000000003
30000000000000000000000000000000000000000000000000000000000000000000000000000001100000000000000003
30000000011111111111111111111111111111111110000000000000000000000000000000000001100000000000000003
11111111111111111111111111111111111111111111100000000000000000011000001111111111110000000000111111
11111111111111111111111111111111111111111111111111111111111111111111111111111111111111111111111111
11111111111111111111111111111111111111111111111111111111111111111111111111111111111111111111111111
11111111111111111111111111111111111111111111111111111111111111111111111111111111111111111111111111
 __________  0.000000000000000E+000 ______________________
11111111111111111111111111111111111111111111111111111111111111111111111111111111111111111111111111
34444444444444444444444444444444444444444444444444444444444444444444444444444444444444444444444443
34444444444444444444444444444444444444444444444444444444444444444444444444444444444444444444444443
34444444444444444444444444444444444444444444444444444444444444444444444444444444444444444444444443
34444444444444444444444444444444444444444444444444444444444444444444444444444444444444444444444443
34444444444444444444444444444444444444444444444444444444444444444444444444444444444444444444444443
34444444444444444444444444444444444444444444444444444444444444444444444444444444444444444444444443
34444444444444444444444444444444444444444444444444444444444444444444444444444444444444444444444443
34444444444444444444444444444444444444444444444444444444444444444444444444444444444444444444444443
34444444444444444444444444444444444444444444444444444444444444444444444444444444444444444444444443
34444444444444444444444444444444444444444444444444444444444444444444444444444444444444444444444443
34444444444444444444444444444444444444444444444444444444444444444444444444444444444444444444444443
34444444444444444444444444444444444444444444444444444444444444444444444444444444444444444444444443
34444444444444444444444444444444444444444444444444444444444444444444444444444444444444444444444443
34444444444444444444444444444444444444444444444444444444444444444444444444444444444444444444444443
34444444444444444444444444444444444444444444444444444444444444444444444444444444444444444444444443
34444444444444444444444444444444444444444444444444444444444444444444444444444444444444444444444443
34444444444444444444444444444444444444444444444444444444444444444444444444444444444444444444444443
34444444444444444444444444444444444444444444444444444444444444444444444444444444444444444444444443
34444444444444444444444444444444444444444444444444444444444444444444444444444444444444444444444443
34444444444444444444444444444444444444444444444444444444444444444444444444444444444444444444444443
34444444444444444444444444444444444444444444444444444444444444444444444444444444444444444444444443
34444444444444444444444444444444444444444444444444444444444444444444444444444444444444444444444443
34444444444444444444444444444444444444444444444444444444444444444444444444444444444444444444444443
34444444444444444444444444444444444444444444444444444444444444444444444444444444444444444444444443
34444444444444444444444444444444444444444444444444444444444444444444444444444444444444444444444443
34444444444444444444444444444444444444444444444444444444444444444444444444444444444444444444444443
34444444444444444444444444444444444444444444444444444444444444444444444444444444444444444444444443
34444444444444444444444444444444444444444444444444444444444444444444444444444444444444444444444443
34444444444444444444444444444444444444444444444444444444444444444444444444444444444444444444444443
34444444444444444444444444444444444444444444444444444444444444444444444444444444444444444444444443
34444444444444444444444444444444444444444444444444444444444444444444444444444444444444444444444443
34444444444444444444444444444444444444444444444444444444444444444444444444444444444444444444444443
34444444444444444444444444444444444444444444444444444444444444444444444444444444444444444444444443
34444444444444444444444444444444444444444444444444444444444444444444444444444444444444444444444443
34444444444444444444444444444444444444444444444444444444444444444444444444444444444444444444444443
34444444444444444444444444444444444444444444444444444444444444444444444444444444444444444444444443
34444444444444444444444444444444444444444444444444444444444444444444444444444444444444444444444443
34444444444444444444444444444444444444444444444444444444444444444444444444444444444444444444444443
11111111111111111111111111111111111111111111111111111111111111111111111111111111111111111111111111
 __________   327.249234748937      ______________________
11111111111111111111111111111111111111111111111111111111111111111111111111111111111111111111111111
11111111111111111111111111111111111111111111111111111111111111111111111111111111111111111111111111
11111111111111111111111111111111111111111111111111111111111111111111111111111111111111111111111111
11111111111111111111111111111111111111111111111111111111111111111111111111111111111111111111111111
11111111111111111111111111111111111111111111111111111111111111111111111111111111111111111111111111
11111111111111111111111111111111111111111111111111111111111111111111111111111111111111111111111111
11111111111111111111111111111111111111111111111111111111111111111111111111111111111111111111111111
11111111111111111111111111111111111111111111111111111111111111111111111111111111111111111111111111
11111111111111111111111111111111111111111111111111111111111111111111111111111111111111111111111111
11111111111111111111111111111111111111111111111111111111111111111111111111111111111111111111111111
11111111111111111111111111111111111111111111111111111111111111111111111111111111111111111111111111
11111111111111111111111111111111111111111111111111111111111111111111111111111111111111111111111111
11111111111111111111111111111111111111111111111111111111111111111111111111111111111111111111111111
11111111111111111111111111111111111111111111111111111111111111111111111111111111111111111111111111
11111111111111111111111111111111111111111111111111111111111111111111111111111111111111111111111111
11111111111111111111111111111111111111111111111111111111111111111111111111111111111111111111111111
11111111111111111111111111111111111111111111111111111111111111111111111111111111111111111111111111
11111111111111111111111111111111111111111111111111111111111111111111111111111111111111111111111111
11111111111111111111111111111111111111111111111111111111111111111111111111111111111111111111111111
11111111111111111111111111111111111111111111111111111111111111111111111111111111111111111111111111
11111111111111111111111111111111111111111111111111111111111111111111111111111111111111111111111111
11111111111111111111111111111111111111111111111111111111111111111111111111111111111111111111111111
11111111111111111111111111111111111111111111111111111111111111111111111111111111111111111111111111
11111111111111111111111111111111111111111111111111111111111111111111111111111111111111111111111111
11111111111111111111111111111111111111111111111111111111111111111111111111111111111111111111111111
11111111111111111111111111111111111111111111111111111111111111111111111111111111111111111111111111
11111111111111111111111111111111111111111111111111111111111111111111111111111111111111111111111111
11111111111111111111111111111111111111111111111111111111111111111111111111111111111111111111111111
11111111111111111111111111111111111111111111111111111111111111111111111111111111111111111111111111
11111111111111111111111111111111111111111111111111111111111111111111111111111111111111111111111111
11111111111111111111111111111111111111111111111111111111111111111111111111111111111111111111111111
11111111111111111111111111111111111111111111111111111111111111111111111111111111111111111111111111
11111111111111111111111111111111111111111111111111111111111111111111111111111111111111111111111111
11111111111111111111111111111111111111111111111111111111111111111111111111111111111111111111111111
11111111111111111111111111111111111111111111111111111111111111111111111111111111111111111111111111
11111111111111111111111111111111111111111111111111111111111111111111111111111111111111111111111111
11111111111111111111111111111111111111111111111111111111111111111111111111111111111111111111111111
11111111111111111111111111111111111111111111111111111111111111111111111111111111111111111111111111
11111111111111111111111111111111111111111111111111111111111111111111111111111111111111111111111111
11111111111111111111111111111111111111111111111111111111111111111111111111111111111111111111111111
