level =        0 _________________________
111111111111111111
111111111111111111
111111111111111111
111111111111111111
111111111111111111
111111111111111111
111111111111111111
111111111111111111
111111111111111111
111111111111111111
111111111111111111
111111111111111111
111111111111111111
111111111111111111
111111111111111111
111111111111111111
111111111111111111
111111111111111111
level =        1 _________________________
111111111111111111
110000111111100001
110000111110000001
110000111110000001
111100001000000001
111110000000000001
111110000000000001
111110000000000001
110000000000000001
100000000000000001
100000000000000001
100000000000000001
100000000000000111
100000000000000111
100000000000000111
110000000000000111
111000000000000111
111111111111111111
level =        2 _________________________
111111111111111111
110000111111100001
110000111110000001
110000111110000001
111100001000000001
111110000000000001
111110000000000001
111110000000000001
110000000000000001
100000000000000001
100000000000000001
100000000000000001
100000000000000111
100000000000000111
100000000000000111
110000000000000111
111000000000000111
111111111111111111
level =        3 _________________________
111111111111111111
110000111111100001
110000111110000001
110000111110000001
111100001000000001
111110000000000001
111110000000000001
111110000000000001
110000000000000001
100000000000000001
100000000000000001
100000000000000001
100000000000000111
100000000000000111
100000000000000111
110000000000000111
111000000000000111
111111111111111111
level =        4 _________________________
111111111111111111
110000111111100001
110000111110000001
110000111110000001
111100001000000001
111110000000000001
111110000000000001
111110000000000001
110000000000000001
100000000000000001
100000000000000001
100000000000000001
100000000000000111
100000000000000111
100000000000000111
110000000000000111
111000000000000111
111111111111111111
level =        5 _________________________
111111111111111111
110000111111100001
110000111110000001
110000111110000001
111100001000000001
111110000000000001
111110000000000001
111110000000000001
110000000000000001
100000000000000001
100000000000000001
100000000000000001
100000000000000111
100000000000000111
100000000000000111
110000000000000111
111000000000000111
111111111111111111
level =        6 _________________________
111111111111111111
110000111111100001
110000111110000001
110000111110000001
111100001000000001
111110000000000001
111110000000000001
111110000000000001
110000000000000001
100000000000000001
100000000000000001
100000000000000001
100000000000000111
100000000000000111
100000000000000111
110000000000000111
111000000000000111
111111111111111111
level =        7 _________________________
111111111111111111
110000111111100001
110000111110000001
110000111110000001
111100001000000001
111110000000000001
111110000000000001
111110000000000001
110000000000000001
100000000000000001
100000000000000001
100000000000000001
100000000000000111
100000000000000111
100000000000000111
110000000000000111
111000000000000111
111111111111111111
level =        8 _________________________
111111111111111111
110000111111100001
110000111110000001
110000111110000001
111100001000000001
111110000000000001
111110000000000001
111110000000000001
110000000000000001
100000000000000001
100000000000000001
100000000000000001
100000000000000111
100000000000000111
100000000000000111
110000000000000111
111000000000000111
111111111111111111
level =        9 _________________________
111111111111111111
110000111111100001
110000111110000001
110000111110000001
111100001000000001
111110000000000001
111110000000000001
111110000000000001
110000000000000001
100000000000000001
100000000000000001
100000000000000001
100000000000000111
100000000000000111
100000000000000111
110000000000000111
111000000000000111
111111111111111111
level =       10 _________________________
111111111111111111
110000111111100001
110000111110000001
110000111110000001
111100001000000001
111110000000000001
111110000000000001
111110000000000001
110000000000000001
100000000000000001
100000000000000001
100000000000000001
100000000000000111
100000000000000111
100000000000000111
110000000000000111
111000000000000111
111111111111111111
level =       11 _________________________
111111111111111111
110000111111100001
110000111110000001
110000111110000001
111100001000000001
111110000000000001
111110000000000001
111110000000000001
110000000000000001
100000000000000001
100000000000000001
100000000000000001
100000000000000111
100000000000000111
100000000000000111
110000000000000111
111000000000000111
111111111111111111
level =       12 _________________________
111111111111111111
110000111111100001
110000111110000001
110000111110000001
111100001000000001
111110000000000001
111110000000000001
111110000000000001
110000000000000001
100000000000000001
100000000000000001
100000000000000001
100000000000000111
100000000000000111
100000000000000111
110000000000000111
111000000000000111
111111111111111111
level =       13 _________________________
111111111111111111
110000111111100001
110000111110000001
110000111110000001
111100001000000001
111110000000000001
111110000000000001
111110000000000001
110000000000000001
100000000000000001
100000000000000001
100000000000000001
100000000000000111
100000000000000111
100000000000000111
110000000000000111
111000000000000111
111111111111111111
level =       14 _________________________
111111111111111111
110000111111100001
110000111110000001
110000111110000001
111100001000000001
111110000000000001
111110000000000001
111110000000000001
110000000000000001
100000000000000001
100000000000000001
100000000000000001
100000000000000111
100000000000000111
100000000000000111
110000000000000111
111000000000000111
111111111111111111
level =       15 _________________________
111111111111111111
110000111111100001
110000111110000001
110000111110000001
111100001000000001
111110000000000001
111110000000000001
111110000000000001
110000000000000001
100000000000000001
100000000000000001
100000000000000001
100000000000000111
100000000000000111
100000000000000111
110000000000000111
111000000000000111
111111111111111111
level =       16 _________________________
111111111111111111
110000111111100001
110000111110000001
110000111110000001
111100000000000001
111110000000000001
111110000000000001
111110000000000001
110000000000000001
100000000000000001
100000000000000001
100000000000000001
100000000000000111
100000000000000111
100000000000000111
110000000000000111
111000000000000111
111111111111111111
level =       17 _________________________
111111111111111111
111111111111111111
111111111111111111
111111111111111111
111111111111111111
111111111111111111
111111111111111111
111111111111111111
111111111111111111
111111111111111111
111111111111111111
111111111111111111
111111111111111111
111111111111111111
111111111111111111
111111111111111111
111111111111111111
111111111111111111
