 __________   7222.44802305548      ______________________
11111111111111111111111111111111111111111111111111
11111111111111111111111111111111111111111111111111
11111111111111111111111111111111111111111111111111
11111111111111111111111111111111111111111111111111
11111111111111111111111111111111111111111111111111
11111111111111111111111111111111111111111111111111
11111111111111111111111111111111111111111111111111
11111111111111111111111111111111111111111111111111
11111111111111111111111111111111111111111111111111
11111111111111111111111111111111111111111111111111
11111111111111111111111111111111111111111111111111
11111111111111111111111111111111111111111111111111
11111111111111111111111111111111111111111111111111
11111111111111111111111111111111111111111111111111
11111111111111111111111111111111111111111111111111
11111111111111111111111111111111111111111111111111
11111111111111111111111111111111111111111111111111
11111111111111111111111111111111111111111111111111
11111111111111111111111111111111111111111111111111
11111111111111111111111111111111111111111111111111
11111111111111111111111111111111111111111111111111
 __________  -4522.11754594001      ______________________
11111111111111111111111111111111111111111111111111
11111111111111111111111111111111111111111111111111
11111111111111111111111111111111111111111111111111
11111111111111111111111111111111111111111111111111
11111111111111111111111111111011111111111111111111
11111111111111111111110000000001111111111110111111
11111111111111111111000000000000111111110000011111
11111111111111111110000000000000011111110000000111
11111111111111111100000000000000011111110000001111
11111111111111111110111000000000001111111111011111
11111111111100111111111000000000001111111111111111
30111111111000011111111100000000011111111111100103
30011111111000001111111111000000111111111111100103
30111111111111001111111111000000111111111111100113
10011111100111111111111111000000011111111110001111
10011011100111110000100111000000011111111110001111
11110011001111110001110110000000111000011111000111
11100001011111110011111110111111110000011111100011
11111111111111111111111111111111111001111111110111
11111111111111111111111111111111111111111111111111
11111111111111111111111111111111111111111111111111
 __________  -3598.90454441518      ______________________
11111111111111111111111111111111111111111111111111
11111111111111111111111111111111111111111111111111
11111111111111111111111111111111111111111111111111
11111111111111111111111111111111111111111111111111
11111111111111111111111100111001111111111111111111
11111111111111111111110000000000111111111110000011
11111111111111111111000000000000011111110000000011
11111111111111111110000000000000011111100000000111
11111111111111111100000000000000000111110000000111
11111111000101111100000000000000000001111100000111
30111111000000111110110000000000000000111110000003
30011110000000011111111000000000000000111111000003
30011111000000000111111111000000000000011111000003
30011111000000001111111111000000000000001111000003
30011110000000000111110111000000000000001110000003
30000000000000000000100111000000000000011100000003
30000000000000000000100110000000000000011111000003
30000000000110000001111110000000000000011111100003
11111111111111111111111111100000000000111111110011
11111111111111111111111111111111111111111111111111
11111111111111111111111111111111111111111111111111
 __________  -2764.94319245010      ______________________
11111111111111111111111111111111111111111111111111
11111111111111111111111111111111111111111111111111
11111111111111111111111111111111111111111111111111
11111111111111111111111111111111111111111111111111
11111111111111111111111100111001111111111110000111
11111111111111111111110000000000111111111100000011
11111111111111111111000000000000011111110000000011
11111111111111111110000000000000011111100000000111
11111111101111111100000000000000000111110000000111
11111111000000111100000000000000000001111100000111
30111110000000111110000000000000000000111110000003
30011110000000011111111000000000000000111111000003
30011111000000000111111100000000000000011111000003
30011110000000001111111000000000000000001111000003
30001100000000000111110000000000000000001110000003
30000000000000000000000000000000000000011100000003
30000000000000000000000000000000000000011100000003
30000000000110000000000000000000000000011110000003
30010111111111111111111110000000000000111110000003
11111111111111111111111111111111111111111111111111
11111111111111111111111111111111111111111111111111
 __________  -2055.99685628243      ______________________
11111111111111111111111111111111111111111111111111
30111111111111111111111111111111111111111111111113
30011111111111111111111111111111111111111111111103
30111111111111111111111111111111111111111111111113
11111111111111111111111000011001111111111110000111
11111111111111111111110000000000111111111100000011
11111111111111111111000000000000011111110000000011
11111111111111111110000000000000011111100000000011
11111111101111111100000000000000000111110000000111
11111111000000111100000000000000000001111100000111
30111110000000111110000000000000000000111110000003
30011110000000011111110000000000000000111111000003
30011110000000000111110000000000000000011111000003
30011100000000001111111000000000000000001111000003
30001000000000000111110000000000000000001110000003
30000000000000000000000000000000000000011100000003
30000000000000000000000000000000000000011100000003
30000000000000000000000000000000000000000000000003
30010111111111111111111000000000000000000000000003
11111111111111111111111111111111111111111111111111
11111111111111111111111111111111111111111111111111
 __________  -1483.78404858462      ______________________
11111111111111111111111111111111111111111111111111
30111111111111111111111111111111111111111111111113
30011111111111111111111111111111111111111111111103
30111111111111111111111111111111111111111111111103
11111111111111111111111000011001111111111110000011
11111111111111111111100000000000111111111100000011
11111111111111111111000000000000011111110000000011
11111111111111111110000000000000011111100000000011
11111111101111111100000000000000000111100000000111
11111111000000111100000000000000000001111000000111
30111110000000111110000000000000000000111110000003
30011110000000011111100000000000000000111111000003
30011110000000000111100000000000000000011111000003
30011100000000001111110000000000000000001110000003
30001000000000000111110000000000000000001110000003
30000000000000000000000000000000000000011100000003
30000000000000000000000000000000000000011000000003
30000000000000000000000000000000000000000000000003
30010111111111111111111000000000000000000000000003
11111111111111111111111111111111111111111111111111
11111111111111111111111111111111111111111111111111
 __________  -1040.95854004357      ______________________
11111111111111111111111111111111111111111111111111
30111111111111111111111111111111111111111111111113
30011111111111111111111111111111111111111111111103
30111111111111111111111111111111111111111111101103
11111111111111111111111000011001111111111110000011
11111111111111111111000000000000111111111100000011
11111111111111111111000000000000011111110000000011
11111111111111111110000000000000011111100000000011
11111111101111111100000000000000000111100000000111
11111111000000111100000000000000000001111000000111
30111110000000111110000000000000000000111110000003
30011110000000011111100000000000000000111111000003
30011110000000000111100000000000000000011111000003
30011100000000001111110000000000000000001110000003
30001000000000000111110000000000000000001100000003
30000000000000000000000000000000000000011000000003
30000000000000000000000000000000000000011000000003
30000000000000000000000000000000000000000000000003
30000111111111111111111000000000000000000000000003
11111111111111111111111111111111111111111111111111
11111111111111111111111111111111111111111111111111
 __________  -709.291144134118      ______________________
11111111111111111111111111111111111111111111111111
30111111111111111111111111111111111111111111111113
30011111111111111111111111111111111111111111111103
30111111111111111111111111111111111111111111101003
11111111111111111111111000011001111111111110000011
11111111111111111111000000000000111111111100000011
11111111111111111111000000000000011111110000000011
11111111111111111110000000000000011111100000000011
11111111100111111100000000000000000111100000000111
11111111000000111100000000000000000001111000000111
30111110000000111100000000000000000000111110000003
30011110000000011111100000000000000000111111000003
30011110000000000111100000000000000000011111000003
30011100000000001111110000000000000000001110000003
30001000000000000111110000000000000000001100000003
30000000000000000000000000000000000000011000000003
30000000000000000000000000000000000000011000000003
30000000000000000000000000000000000000000000000003
30000111111111111111111000000000000000000000000003
11111111111111111111111111111111111111111111111111
11111111111111111111111111111111111111111111111111
 __________  -466.914758094939      ______________________
11111111111111111111111111111111111111111111111111
30011111111111111111111111111111111111111111111103
30011111111111111111111111111111111111111111111003
30111111111111111111111111111111111111111111100003
11111111111111111111111000011001111111111110000011
11111111111111111111000000000000111111111100000011
11111111111111111110000000000000011111110000000011
11111111111111111100000000000000011111100000000011
11111111100111111000000000000000000111100000000111
11111111000000111100000000000000000001111000000111
30111110000000111100000000000000000000111110000003
30011110000000011111000000000000000000111111000003
30011110000000000111100000000000000000011111000003
30011100000000001111110000000000000000001110000003
30001000000000000111110000000000000000001100000003
30000000000000000000000000000000000000011000000003
30000000000000000000000000000000000000001000000003
30000000000000000000000000000000000000000000000003
30000111111111111111111000000000000000000000000003
11111111111111111111111111111111111111111111111111
11111111111111111111111111111111111111111111111111
 __________  -292.956354013395      ______________________
11111111111111111111111111111111111111111111111111
30011111111111111111111111111111111111111111111103
30011111111111111111111111111111111111111111111003
30011111111111111111111111111111111111111111000003
11111111111111111111101000011001111111111100000011
11111111111111111111000000000000111111111000000011
11111111111111111110000000000000011111110000000011
11111111111111111100000000000000011111100000000011
11111111100111111000000000000000000111100000000111
11111111000000111100000000000000000001111000000111
30111110000000111100000000000000000000111110000003
30011110000000011111000000000000000000111111000003
30011110000000000111100000000000000000011111000003
30011100000000001111110000000000000000001110000003
30001000000000000111110000000000000000001100000003
30000000000000000000000000000000000000011000000003
30000000000000000000000000000000000000001000000003
30000000000000000000000000000000000000000000000003
30000111111111111111111000000000000000000000000003
11111111111111111111111111111111111111111111111111
11111111111111111111111111111111111111111111111111
 __________  -169.712642086551      ______________________
11111111111111111111111111111111111111111111111111
30011111111111111111111111111111111111111111111003
30011111111111111111111111111111111111111011111003
30011111111111111111111111111111111111110001000003
11111111111111111111001000010001111111111000000011
11111111111111111111000000000000011111111000000011
11111111111111111110000000000000011111110000000011
11111111111111111100000000000000011111100000000011
11111111100111111000000000000000000110000000000111
11111111000000111000000000000000000001110000000111
30111110000000111000000000000000000000111110000003
30011110000000011001000000000000000000111111000003
30011110000000000111100000000000000000011111000003
30011100000000001111110000000000000000001110000003
30001000000000000111110000000000000000001100000003
30000000000000000000000000000000000000011000000003
30000000000000000000000000000000000000001000000003
30000000000000000000000000000000000000000000000003
30000111111111111111110000000000000000000000000003
11111111111111111111111111111111111111111111111111
11111111111111111111111111111111111111111111111111
 __________  -83.1991497739176      ______________________
11111111111111111111111111111111111111111111111111
30001111111111111111111111111111111111111111111003
30001111111111111111111111111111111111111111111003
30011111111111111111111111111111111111110001000003
11111111111111111111001000000001111111110000000001
11111111111111111110000000000000011111110000000011
11111111111111111100000000000000011111100000000011
11111111111111111100000000000000011111000000000011
11111111100111110000000000000000000110000000000111
11111111000000110000000000000000000001110000000111
30111110000000011000000000000000000000111110000003
30011110000000010001000000000000000000111111000003
30011110000000000011100000000000000000011111000003
30011100000000001111110000000000000000001110000003
30001000000000000101110000000000000000001100000003
30000000000000000000000000000000000000011000000003
30000000000000000000000000000000000000001000000003
30000000000000000000000000000000000000000000000003
30000111111111111111110000000000000000000000000003
11111111111111111111111111111111111111111111111111
11111111111111111111111111111111111111111111111111
 __________  -22.8611392683420      ______________________
11111111111111111111111111111111111111111111111111
30000000001111111111111111111111111111111111111003
30000000001111111111111111111111111111111111111003
30011111111111111111111111111111111111110001000003
11111111111111111111001000000001111111110000000001
11111111111111111110000000000000011111110000000011
11111111111111111100000000000000011111100000000011
11111111111111111100000000000000011111000000000011
11111111100111110000000000000000000110000000000111
11111111000000110000000000000000000001110000000111
30111110000000100000000000000000000000111110000003
30011110000000000001000000000000000000111111000003
30011110000000000011100000000000000000011111000003
30011100000000001111110000000000000000001110000003
30001000000000000101110000000000000000001100000003
30000000000000000000000000000000000000011000000003
30000000000000000000000000000000000000001000000003
30000000000000000000000000000000000000000000000003
30000111111111111111110000000000000000000000000003
11111111111111111111111111111111111111111111111111
11111111111111111111111111111111111111111111111111
 __________  0.000000000000000E+000 ______________________
11111111111111111111111111111111111111111111111111
11111111111111111111111111111111111111111111111111
11111111111111111111111111111111111111111111111111
11111111111111111111111111111111111111111111111111
11111111111111111111111111111111111111111111111111
11111111111111111111111111111111111111111111111111
11111111111111111111111111111111111111111111111111
11111111111111111111111111111111111111111111111111
11111111111111111111111111111111111111111111111111
11111111111111111111111111111111111111111111111111
11111111111111111111111111111111111111111111111111
11111111111111111111111111111111111111111111111111
11111111111111111111111111111111111111111111111111
11111111111111111111111111111111111111111111111111
11111111111111111111111111111111111111111111111111
11111111111111111111111111111111111111111111111111
11111111111111111111111111111111111111111111111111
11111111111111111111111111111111111111111111111111
11111111111111111111111111111111111111111111111111
11111111111111111111111111111111111111111111111111
11111111111111111111111111111111111111111111111111
